0000000 -  -
1000000 -  2, 3, 5, 6, 7, 8, 9, 0
0100000 -  1, 2, 3, 4, 7, 8, 9, 0
1100000 -  2, 3, 7, 8, 9, 0
0010000 -  1, 3, 4, 5, 6, 7, 8, 9, 0
1010000 -  3, 5, 6, 7, 8, 9, 0
0110000 1  3, 4, 7, 8, 9, 0
1110000 7  8, 9, 0
0001000 -  2, 3, 5, 6, 8, 9, 0
1001000 -  2, 3, 5, 6, 8, 9, 0
0101000 -  2, 3, 8, 9, 0
1101000 -  2, 3, 8, 9, 0
0011000 -  3, 5, 6, 8, 9, 0
1011000 -  3, 5, 6, 8, 9, 0
0111000 -  3, 8, 9, 0
1111000 -  3, 8, 9, 0
0000100 -  2, 6, 8, 0
1000100 -  2, 6, 8, 0
0100100 -  2, 8, 0
1100100 -  2, 8, 0
0010100 -  6, 8, 0
1010100 -  6, 8, 0
0110100 -  8, 0
1110100 -  8, 0
0001100 -  2, 6, 8, 0
1001100 -  2, 6, 8, 0
0101100 -  2, 8, 0
1101100 -  2, 8, 0
0011100 -  6, 8, 0
1011100 -  6, 8, 0
0111100 -  8, 0
1111100 -  8, 0
0000010 -  4, 5, 6, 8, 9, 0
1000010 -  5, 6, 8, 9, 0
0100010 -  4, 8, 9, 0
1100010 -  8, 9, 0
0010010 -  4, 5, 6, 8, 9, 0
1010010 -  5, 6, 8, 9, 0
0110010 -  4, 8, 9, 0
1110010 -  8, 9, 0
0001010 -  5, 6, 8, 9, 0
1001010 -  5, 6, 8, 9, 0
0101010 -  8, 9, 0
1101010 -  8, 9, 0
0011010 -  5, 6, 8, 9, 0
1011010 -  5, 6, 8, 9, 0
0111010 -  8, 9, 0
1111010 -  8, 9, 0
0000110 -  6, 8, 0
1000110 -  6, 8, 0
0100110 -  8, 0
1100110 -  8, 0
0010110 -  6, 8, 0
1010110 -  6, 8, 0
0110110 -  8, 0
1110110 -  8, 0
0001110 -  6, 8, 0
1001110 -  6, 8, 0
0101110 -  8, 0
1101110 -  8, 0
0011110 -  6, 8, 0
1011110 -  6, 8, 0
0111110 -  8, 0
1111110 0  8
0000001 -  2, 3, 4, 5, 6, 8, 9
1000001 -  2, 3, 5, 6, 8, 9
0100001 -  2, 3, 4, 8, 9
1100001 -  2, 3, 8, 9
0010001 -  3, 4, 5, 6, 8, 9
1010001 -  3, 5, 6, 8, 9
0110001 -  3, 4, 8, 9
1110001 -  3, 8, 9
0001001 -  2, 3, 5, 6, 8, 9
1001001 -  2, 3, 5, 6, 8, 9
0101001 -  2, 3, 8, 9
1101001 -  2, 3, 8, 9
0011001 -  2, 3, 6, 8, 9
1011001 -  3, 5, 6, 8, 9
0111001 -  3, 8, 9
1111001 3  8, 9
0000101 -  2, 6, 8
1000101 -  2, 6, 8
0100101 -  2, 8
1100101 -  2, 8
0010101 -  6, 8
1010101 -  6, 8
0110101 -  8
1110101 -  8
0001101 -  2, 6, 8
1001101 -  2, 6, 8
0101101 -  2, 8
1101101 2  6, 8
0011101 -  6, 8
1011101 -  6, 8
0111101 -  8
1111101 -  8
0000011 -  4, 5, 6, 8, 9
1000011 -  5, 6, 8, 9
0100011 -  4, 8, 9
1100011 -  8, 9
0010011 -  4, 5, 6, 8, 9
1010011 -  5, 6, 8, 9
0110011 4  8, 9
1110011 -  8, 9
0001011 -  5, 6, 8, 9
1001011 -  5, 6, 8, 9
0101011 -  4, 8, 9
1101011 -  8, 9
0011011 -  5, 6, 8, 9
1011011 5  6, 8, 9
0111011 -  8, 9
1111011 9  8
0000111 -  6, 8
1000111 -  6, 8
0100111 -  8
1100111 -  8
0010111 -  6, 8
1010111 -  6, 8
0110111 -  8
1110111 -  8
0001111 -  6, 8
1001111 -  6, 8
0101111 -  8
1101111 -  8
0011111 -  6, 8
1011111 6  8
0111111 -  8
1111111 8